1.00067935e+00 5.40492823e-01 -4.87478169e-02 -4.31821478e-02 -4.97721701e-02 -1.72922056e-02 1.80148100e-01 2.96801107e-02 8.55148456e-02 -2.31428565e-04 -8.08613201e-02 -4.42209687e-03
5.40492823e-01 1.00067935e+00 -1.96811881e-01 -1.53128353e-01 2.63647665e-02 4.21961064e-02 -5.90391435e-03 3.50113349e-02 1.45279875e-03 1.20777711e-02 -8.61585751e-03 -4.91471235e-03
-4.87478169e-02 -1.96811881e-01 1.03021322e+00 5.12373539e-01 -8.43143061e-02 -2.73648499e-02 3.58123764e-01 -8.93247845e-02 1.84820427e-01 -3.89944730e-02 -1.28922507e-01 -1.69034468e-02
-4.31821478e-02 -1.53128353e-01 5.12373539e-01 6.66424998e-01 -5.19417449e-02 3.88791729e-04 2.84879184e-01 -6.17127313e-02 1.38339292e-01 -4.73080669e-02 -8.24695054e-02 -8.56171965e-03
-4.97721701e-02 2.63647665e-02 -8.43143061e-02 -5.19417449e-02 1.27134434e-01 1.07934672e-02 -6.83268027e-02 5.62479707e-03 -4.67472476e-03 -1.53016987e-02 1.85955902e-02 1.38083326e-03
-1.72922056e-02 4.21961064e-02 -2.73648499e-02 3.88791729e-04 1.07934672e-02 1.87881874e-01 -3.23707164e-02 2.07540069e-04 -1.20788320e-03 -5.79728593e-03 9.88305809e-03 -2.87788896e-03
1.80148100e-01 -5.90391435e-03 3.58123764e-01 2.84879184e-01 -6.83268027e-02 -3.23707164e-02 9.52889327e-01 -6.42511770e-02 1.30223553e-01 -1.55161568e-02 -1.11574925e-01 -3.13247144e-03
2.96801107e-02 3.50113349e-02 -8.93247845e-02 -6.17127313e-02 5.62479707e-03 2.07540069e-04 -6.42511770e-02 6.85693940e-02 -1.30865544e-02 3.09142463e-03 7.27635482e-03 2.71877490e-03
8.55148456e-02 1.45279875e-03 1.84820427e-01 1.38339292e-01 -4.67472476e-03 -1.20788320e-03 1.30223553e-01 -1.30865544e-02 2.08523348e-01 -8.54603884e-02 -1.17633711e-01 -5.42924821e-03
-2.31428565e-04 1.20777711e-02 -3.89944730e-02 -4.73080669e-02 -1.53016987e-02 -5.79728593e-03 -1.55161568e-02 3.09142463e-03 -8.54603884e-02 2.05418548e-01 -1.14665888e-01 -5.29227176e-03
-8.08613201e-02 -8.61585751e-03 -1.28922507e-01 -8.24695054e-02 1.85955902e-02 9.88305809e-03 -1.11574925e-01 7.27635482e-03 -1.17633711e-01 -1.14665888e-01 2.39584256e-01 -7.28465642e-03
-4.42209687e-03 -4.91471235e-03 -1.69034468e-02 -8.56171965e-03 1.38083326e-03 -2.87788896e-03 -3.13247144e-03 2.71877490e-03 -5.42924821e-03 -5.29227176e-03 -7.28465642e-03 1.80061764e-02