1.00026518e+00 -5.11842519e-02 -2.14457352e-01 -3.50880256e-02 -1.55446331e-01 5.28682300e-02 4.90505067e-03 4.81077071e-03 -2.04467909e-03 -6.78375250e-03 1.53820791e-02 -1.33653955e-02 -3.47374450e-03 6.57085233e-03 9.54384309e-03 -9.23853260e-03 -2.07680598e-03 -4.90013500e-03 -3.94480117e-03 -4.05920595e-04 -2.15729406e-02 -3.14510350e-02 -3.76421696e-02 3.79392103e-03 1.28492155e-01 -6.31928716e-02
-5.11842519e-02 1.00026518e+00 -1.48815212e-01 -2.59596039e-01 7.19500063e-02 -2.92030919e-01 -1.75985463e-02 6.26981943e-03 -1.71375538e-03 -1.12287112e-03 -4.13133526e-03 -2.30822927e-03 3.30217480e-03 -2.69408900e-04 6.88562808e-03 -2.32128925e-03 -3.91170824e-04 -1.35309359e-03 -2.55264061e-03 -5.09138618e-05 -5.82337251e-03 2.78104617e-03 -1.27046945e-02 -1.18350434e-03 -6.00643021e-03 1.71135829e-02
-2.14457352e-01 -1.48815212e-01 1.00026518e+00 5.08372266e-01 4.07355354e-01 3.08522300e-01 -3.22455256e-02 1.77932973e-03 -7.67822083e-04 8.41969837e-03 -1.47932636e-02 2.13494748e-02 -2.86296819e-03 1.49653402e-03 -1.15727365e-02 4.03969939e-02 5.41203046e-04 1.09012793e-03 1.53279238e-02 -2.55325461e-04 6.04320989e-03 3.81494224e-02 1.66151320e-02 1.35821138e-03 -1.29904079e-01 7.37813137e-02
-3.50880256e-02 -2.59596039e-01 5.08372266e-01 1.00026518e+00 4.27944521e-01 7.80601226e-01 -7.84533885e-02 7.01683903e-02 -4.12415818e-04 2.42993816e-03 -7.19938029e-03 2.03855327e-02 -2.43288914e-03 -9.49780115e-04 -1.95530617e-03 3.05822210e-02 -9.13386219e-04 -1.82687102e-03 8.94002647e-03 -4.14831105e-04 3.77852228e-04 3.24353384e-02 -7.37967386e-03 3.78962674e-03 -5.99215305e-02 3.10762392e-02
-1.55446331e-01 7.19500063e-02 4.07355354e-01 4.27944521e-01 1.00026518e+00 -1.73065136e-01 -9.88526511e-02 1.55427956e-02 1.38845517e-04 6.33096610e-03 -7.51597808e-03 3.94885770e-02 3.31725076e-03 1.25413256e-03 3.42264564e-03 1.78992205e-02 1.08500555e-03 3.32549099e-03 1.41159341e-02 1.09601176e-04 -2.88795032e-03 5.32150869e-02 -3.38781089e-03 1.98330879e-03 -8.28309474e-02 3.10203626e-02
5.28682300e-02 -2.92030919e-01 3.08522300e-01 7.80601226e-01 -1.73065136e-01 1.00026518e+00 -2.37143329e-02 6.14123010e-02 -2.85529225e-04 -1.86799888e-03 -4.04072207e-03 -1.83549497e-03 -3.70377378e-03 -1.96816013e-03 -4.64135497e-03 2.46225989e-02 -1.73368802e-03 -3.75285058e-03 1.78299006e-03 -4.99747749e-04 2.55088821e-03 2.20696132e-03 -7.09765441e-03 1.73720466e-03 -1.27350364e-02 1.58885248e-02
4.90505067e-03 -1.75985463e-02 -3.22455256e-02 -7.84533885e-02 -9.88526511e-02 -2.37143329e-02 2.73432370e-01 -1.35315756e-02 2.61216579e-03 -8.77377249e-04 1.15099522e-03 -4.22659617e-03 -1.57477968e-03 -1.72803949e-03 -3.59049767e-03 -6.71671654e-03 -1.94597775e-04 8.11011534e-04 -4.83879177e-03 1.95441407e-04 1.05037805e-02 -1.20538136e-02 2.16085081e-02 -5.98416278e-04 2.78620707e-02 -3.68183489e-02
4.81077071e-03 6.26981943e-03 1.77932973e-03 7.01683903e-02 1.55427956e-02 6.14123010e-02 -1.35315756e-02 1.07908403e-01 2.25249736e-04 -7.67705093e-05 -2.67375093e-03 3.92570077e-04 1.45329667e-03 2.58348230e-03 7.48217195e-03 -1.89704709e-03 -5.68045527e-05 -3.13549882e-04 -1.54047198e-03 -3.26204362e-05 -5.20661531e-03 -1.00167236e-03 -9.67449023e-03 5.84074534e-04 -2.63044448e-02 3.63965329e-02
-2.04467909e-03 -1.71375538e-03 -7.67822083e-04 -4.12415818e-04 1.38845517e-04 -2.85529225e-04 2.61216579e-03 2.25249736e-04 1.30833258e-02 -1.51150728e-04 2.78820366e-04 6.09242888e-04 7.88795893e-05 -2.07392859e-04 -8.22541171e-04 -3.02723272e-04 -6.32723978e-05 4.10848770e-04 -7.22711388e-05 2.61666516e-04 -6.46784511e-04 -3.93694920e-04 -1.35684142e-03 1.28091454e-04 -1.87286297e-04 1.80973118e-03
-6.78375250e-03 -1.12287112e-03 8.41969837e-03 2.42993816e-03 6.33096610e-03 -1.86799888e-03 -8.77377249e-04 -7.67705093e-05 -1.51150728e-04 1.12728213e-02 -4.44383141e-04 9.00506826e-04 -1.60219772e-04 8.68237903e-05 -4.42203758e-04 3.26127029e-03 -5.44142621e-05 -1.02782495e-04 -2.90209398e-04 -3.02301456e-06 -5.56234679e-04 9.87330616e-04 -1.16688362e-03 -1.17897568e-04 -3.12579706e-03 3.42324763e-03
1.53820791e-02 -4.13133526e-03 -1.47932636e-02 -7.19938029e-03 -7.51597808e-03 -4.04072207e-03 1.15099522e-03 -2.67375093e-03 2.78820366e-04 -4.44383141e-04 3.74625322e-02 -5.47728057e-04 -1.73647581e-05 -6.09735007e-04 1.29427205e-03 -1.65372957e-03 -1.86020850e-04 -3.51372716e-04 3.33797050e-04 -1.03344916e-05 -1.37118316e-03 -1.15746306e-03 -3.72393212e-03 5.43095111e-03 6.02057956e-03 -6.57013548e-03
-1.33653955e-02 -2.30822927e-03 2.13494748e-02 2.03855327e-02 3.94885770e-02 -1.83549497e-03 -4.22659617e-03 3.92570077e-04 6.09242888e-04 9.00506826e-04 -5.47728057e-04 1.38571472e-02 -1.97480184e-04 -2.19836431e-04 -6.06711992e-04 3.35983463e-03 -6.70687417e-05 1.38496249e-04 2.29411654e-03 -3.72604120e-06 -4.20409932e-04 6.21222462e-03 -1.17307026e-03 -1.45315607e-04 -3.85272660e-03 -1.04111215e-03
-3.47374450e-03 3.30217480e-03 -2.86296819e-03 -2.43288914e-03 3.31725076e-03 -3.70377378e-03 -1.57477968e-03 1.45329667e-03 7.88795893e-05 -1.60219772e-04 -1.73647581e-05 -1.97480184e-04 1.38571472e-02 4.53452184e-05 -3.41530343e-04 4.42836482e-04 -6.70687417e-05 -1.26685401e-04 -9.25183061e-05 -3.72604120e-06 -6.85591581e-04 1.13046684e-04 -1.43825190e-03 1.19866042e-04 -1.46609176e-03 2.67143094e-03
6.57085233e-03 -2.69408900e-04 1.49653402e-03 -9.49780115e-04 1.25413256e-03 -1.96816013e-03 -1.72803949e-03 2.58348230e-03 -2.07392859e-04 8.68237903e-05 -6.09735007e-04 -2.19836431e-04 4.53452184e-05 1.54009937e-02 1.41603626e-03 1.93395599e-03 -7.46614294e-05 -1.41027144e-04 -3.98194290e-04 -4.14785719e-06 -7.63205723e-04 -4.64560005e-04 -1.60107287e-03 -1.61766430e-04 -4.28888433e-03 6.51628364e-03
9.54384309e-03 6.88562808e-03 -1.15727365e-02 -1.95530617e-03 3.42264564e-03 -4.64135497e-03 -3.59049767e-03 7.48217195e-03 -8.22541171e-04 -4.42203758e-04 1.29427205e-03 -6.06711992e-04 -3.41530343e-04 1.41603626e-03 5.82030133e-02 1.13960619e-03 -3.09331723e-05 -5.59327997e-04 -1.31409740e-03 -1.64508234e-05 -6.40316666e-04 2.78960972e-04 -3.69820135e-03 1.53962835e-04 -1.62961576e-03 4.89489330e-03
-9.23853260e-03 -2.32128925e-03 4.03969939e-02 3.05822210e-02 1.78992205e-02 2.46225989e-02 -6.71671654e-03 -1.89704709e-03 -3.02723272e-04 3.26127029e-03 -1.65372957e-03 3.35983463e-03 4.42836482e-04 1.93395599e-03 1.13960619e-03 5.88992206e-02 2.30452133e-04 -5.66498868e-04 2.11301688e-03 -1.66617314e-05 -3.06575858e-03 2.37679247e-03 -5.10552008e-03 -1.19444227e-04 -9.53796245e-03 1.23861343e-02
-2.07680598e-03 -3.91170824e-04 5.41203046e-04 -9.13386219e-04 1.08500555e-03 -1.73368802e-03 -1.94597775e-04 -5.68045527e-05 -6.32723978e-05 -5.44142621e-05 -1.86020850e-04 -6.70687417e-05 -6.70687417e-05 -7.46614294e-05 -3.09331723e-05 2.30452133e-04 4.75049163e-03 -4.30252305e-05 -1.21483004e-04 -1.26544796e-06 5.62702524e-04 -1.41730171e-04 3.22408018e-03 -4.93524703e-05 -7.78109888e-04 -2.25488765e-03
-4.90013500e-03 -1.35309359e-03 1.09012793e-03 -1.82687102e-03 3.32549099e-03 -3.75285058e-03 8.11011534e-04 -3.13549882e-04 4.10848770e-04 -1.02782495e-04 -3.51372716e-04 1.38496249e-04 -1.26685401e-04 -1.41027144e-04 -5.59327997e-04 -5.66498868e-04 -4.30252305e-05 8.93490620e-03 3.57137534e-05 -2.39029058e-06 -1.74631818e-04 -2.67712545e-04 -6.57470516e-04 -9.32213328e-05 1.80256031e-04 8.38148363e-04
-3.94480117e-03 -2.55264061e-03 1.53279238e-02 8.94002647e-03 1.41159341e-02 1.78299006e-03 -4.83879177e-03 -1.54047198e-03 -7.22711388e-05 -2.90209398e-04 3.33797050e-04 2.29411654e-03 -9.25183061e-05 -3.98194290e-04 -1.31409740e-03 2.11301688e-03 -1.21483004e-04 3.57137534e-05 2.48095290e-02 -6.74905576e-06 -7.11462962e-04 1.89592225e-03 -2.07477223e-03 1.96847460e-06 -1.94007232e-03 2.11695382e-03
-4.05920595e-04 -5.09138618e-05 -2.55325461e-04 -4.14831105e-04 1.09601176e-04 -4.99747749e-04 1.95441407e-04 -3.26204362e-05 2.61666516e-04 -3.02301456e-06 -1.03344916e-05 -3.72604120e-06 -3.72604120e-06 -4.14785719e-06 -1.64508234e-05 -1.66617314e-05 -1.26544796e-06 -2.39029058e-06 -6.74905576e-06 2.65111347e-04 -1.29356902e-05 -7.87389839e-06 -2.71368284e-05 -2.74180390e-06 1.92488695e-04 -1.54736164e-04
-2.15729406e-02 -5.82337251e-03 6.04320989e-03 3.77852228e-04 -2.88795032e-03 2.55088821e-03 1.05037805e-02 -5.20661531e-03 -6.46784511e-04 -5.56234679e-04 -1.37118316e-03 -4.20409932e-04 -6.85591581e-04 -7.63205723e-04 -6.40316666e-04 -3.06575858e-03 5.62702524e-04 -1.74631818e-04 -7.11462962e-04 -1.29356902e-05 4.64132565e-02 -1.44879730e-03 3.71707058e-02 -5.04491918e-04 -1.07236872e-02 -2.44937294e-02
-3.14510350e-02 2.78104617e-03 3.81494224e-02 3.24353384e-02 5.32150869e-02 2.20696132e-03 -1.20538136e-02 -1.00167236e-03 -3.93694920e-04 9.87330616e-04 -1.15746306e-03 6.21222462e-03 1.13046684e-04 -4.64560005e-04 2.78960972e-04 2.37679247e-03 -1.41730171e-04 -2.67712545e-04 1.89592225e-03 -7.87389839e-06 -1.44879730e-03 2.88184681e-02 -3.03932478e-03 -3.07082037e-04 -8.14161094e-03 -1.73304504e-02
-3.76421696e-02 -1.27046945e-02 1.66151320e-02 -7.37967386e-03 -3.38781089e-03 -7.09765441e-03 2.16085081e-02 -9.67449023e-03 -1.35684142e-03 -1.16688362e-03 -3.72393212e-03 -1.17307026e-03 -1.43825190e-03 -1.60107287e-03 -3.69820135e-03 -5.10552008e-03 3.22408018e-03 -6.57470516e-04 -2.07477223e-03 -2.71368284e-05 3.71707058e-02 -3.03932478e-03 9.18853009e-02 -1.05833631e-03 -2.80594806e-02 -5.97281593e-02
3.79392103e-03 -1.18350434e-03 1.35821138e-03 3.78962674e-03 1.98330879e-03 1.73720466e-03 -5.98416278e-04 5.84074534e-04 1.28091454e-04 -1.17897568e-04 5.43095111e-03 -1.45315607e-04 1.19866042e-04 -1.61766430e-04 1.53962835e-04 -1.19444227e-04 -4.93524703e-05 -9.32213328e-05 1.96847460e-06 -2.74180390e-06 -5.04491918e-04 -3.07082037e-04 -1.05833631e-03 1.02351540e-02 -2.83502524e-03 -6.03471039e-03
1.28492155e-01 -6.00643021e-03 -1.29904079e-01 -5.99215305e-02 -8.28309474e-02 -1.27350364e-02 2.78620707e-02 -2.63044448e-02 -1.87286297e-04 -3.12579706e-03 6.02057956e-03 -3.85272660e-03 -1.46609176e-03 -4.28888433e-03 -1.62961576e-03 -9.53796245e-03 -7.78109888e-04 1.80256031e-04 -1.94007232e-03 1.92488695e-04 -1.07236872e-02 -8.14161094e-03 -2.80594806e-02 -2.83502524e-03 1.99033310e-01 -1.59997194e-01
-6.31928716e-02 1.71135829e-02 7.37813137e-02 3.10762392e-02 3.10203626e-02 1.58885248e-02 -3.68183489e-02 3.63965329e-02 1.80973118e-03 3.42324763e-03 -6.57013548e-03 -1.04111215e-03 2.67143094e-03 6.51628364e-03 4.89489330e-03 1.23861343e-02 -2.25488765e-03 8.38148363e-04 2.11695382e-03 -1.54736164e-04 -2.44937294e-02 -1.73304504e-02 -5.97281593e-02 -6.03471039e-03 -1.59997194e-01 2.43090514e-01