1.00564972 0.09493026 0.21273976 -0.31198788 0.27232816 0.29073446 0.23815287 -0.15681042 0.13747022 0.549451 -0.07215255 0.07275191 0.64735687
0.09493026 1.00564972 0.16497228 0.29013035 -0.05488343 -0.3370606 -0.41332866 0.29463237 -0.22199334 0.25039204 -0.56446685 -0.37079354 -0.19309537
0.21273976 0.16497228 1.00564972 0.44587209 0.28820583 0.12970824 0.11572743 0.1872826 0.00970647 0.2603499 -0.07508874 0.00393333 0.22488969
-0.31198788 0.29013035 0.44587209 1.00564972 -0.0838039 -0.32292752 -0.353355 0.36396647 -0.19844168 0.01883781 -0.27550299 -0.27833221 -0.44308618
0.27232816 -0.05488343 0.28820583 -0.0838039 1.00564972 0.21561254 0.19688989 -0.25774204 0.23777643 0.20107967 0.05571118 0.06637684 0.39557317
0.29073446 -0.3370606 0.12970824 -0.32292752 0.21561254 1.00564972 0.86944804 -0.45247731 0.61587304 -0.05544792 0.43613151 0.70390388 0.50092909
0.23815287 -0.41332866 0.11572743 -0.353355 0.19688989 0.86944804 1.00564972 -0.54093859 0.65637929 -0.17335329 0.54654907 0.79164133 0.49698518
-0.15681042 0.29463237 0.1872826 0.36396647 -0.25774204 -0.45247731 -0.54093859 1.00564972 -0.36791202 0.13984265 -0.26412347 -0.50611293 -0.31314443
0.13747022 -0.22199334 0.00970647 -0.19844168 0.23777643 0.61587304 0.65637929 -0.36791202 1.00564972 -0.02539259 0.29721399 0.52199968 0.33228346
0.549451 0.25039204 0.2603499 0.01883781 0.20107967 -0.05544792 -0.17335329 0.13984265 -0.02539259 1.00564972 -0.52476129 -0.43123763 0.31788599
-0.07215255 -0.56446685 -0.07508874 -0.27550299 0.05571118 0.43613151 0.54654907 -0.26412347 0.29721399 -0.52476129 1.00564972 0.56866303 0.23751782
0.07275191 -0.37079354 0.00393333 -0.27833221 0.06637684 0.70390388 0.79164133 -0.50611293 0.52199968 -0.43123763 0.56866303 1.00564972 0.31452809
0.64735687 -0.19309537 0.22488969 -0.44308618 0.39557317 0.50092909 0.49698518 -0.31314443 0.33228346 0.31788599 0.23751782 0.31452809 1.00564972