0.01496997 0.26628645 0.22591696 0.21160473 0.50861912 -0.39613926 0.05639636 -0.21353865 -0.26566365 -0.0178563 0.20738262 0.48365155 -0.1443294
0.02596375 -0.12169604 -0.07648554 -0.30907994 -0.07528304 -0.06582674 -0.42052391 -0.53681385 0.03521363 0.53689028 -0.08901289 0.22493093 0.24518758
-0.14121803 0.04962237 0.49869142 -0.02712539 -0.30769445 0.17026002 0.14917061 -0.15447466 -0.14302547 -0.21417556 -0.6262239 0.31606881 0.00205106
0.09168285 0.05574287 -0.47931378 0.05279942 0.20044931 -0.42797018 0.28696914 0.10082451 0.06610294 0.06085941 -0.61208035 -0.0105905 0.23932041
0.05677422 -0.06222011 -0.07128891 0.06787022 0.27140257 0.15636143 -0.3228833 -0.03814394 0.72704851 -0.35179658 -0.13075693 0.299634 -0.14199204
-0.46390791 0.30388245 -0.30434119 -0.32013135 0.28603452 0.40593409 0.02792498 0.0841223 -0.14931841 0.19806835 -0.14617896 0.06503951 -0.39466085
0.83225706 0.04289883 0.02569409 -0.16315051 0.04957849 0.18724536 0.06068521 0.01892002 -0.10902584 0.15229479 -0.1506819 -0.00335981 -0.4229343
0.11403985 -0.04235219 -0.11689586 0.21553507 0.19550132 0.23328465 -0.59544729 0.25859401 -0.50070298 -0.20330102 -0.17036816 0.02877949 0.2985331
-0.11691707 0.09555303 0.23736257 0.1341839 -0.20914487 -0.36822675 -0.37213935 0.53379539 0.13685982 0.39905653 -0.14945431 0.03930172 -0.31342949
-0.0119928 -0.60422163 -0.0318388 -0.29077518 0.05621752 0.03379692 0.22771214 0.41864414 -0.07643678 0.06592568 0.13730621 0.52999567 0.0886167
-0.08988884 -0.259214 0.04821201 -0.52239889 0.08582839 -0.43662362 -0.23207564 -0.10598274 -0.17361452 -0.42777141 -0.08522192 -0.27923515 -0.29671456
-0.15671813 -0.60095872 -0.0464233 0.52370587 0.1372269 0.07810789 0.0447637 -0.26585107 -0.10116099 0.18412074 -0.16600459 -0.16449619 -0.37616741
0.01444734 0.07940162 -0.53926983 0.162116 -0.57578611 -0.12002267 -0.0768045 -0.11972557 -0.1578688 -0.23207086 0.12674592 0.36490283 -0.28675223