-8.50435238e-16 8.43806326e-03 2.50108236e-02 -1.16521164e-01 9.73011035e-02 1.31892571e-01 4.64196304e-02 -1.46153757e-01 -6.57812939e-01 2.97587314e-02 -6.87685339e-01 -1.69801793e-01
1.85471173e-16 7.22521041e-03 4.46655700e-03 7.24876708e-02 -1.12372906e-01 -1.28883334e-02 -2.19582710e-02 8.83427236e-02 6.55592519e-01 2.92933575e-01 -5.78312352e-01 -3.51477162e-01
2.03330841e-15 2.39295531e-02 -6.86809821e-02 -8.06753699e-02 7.51692619e-02 6.15593137e-02 4.99303726e-01 2.65643535e-01 1.20426146e-02 4.78896075e-01 -1.37825163e-01 6.40631616e-01
-5.25204690e-15 3.38391079e-03 -3.29429890e-02 -3.46568767e-02 -9.56497829e-02 2.49984953e-01 -6.70361963e-01 -4.24355576e-01 7.88465390e-02 2.54792309e-01 -9.51938126e-02 4.65188430e-01
-8.09576288e-16 1.51981522e-03 -5.22334606e-02 -9.63740991e-01 -2.48852314e-02 -2.17549478e-01 -2.39247015e-02 -5.50678783e-02 1.03197782e-01 1.36514070e-02 4.40324175e-02 -6.43874819e-02
7.80336133e-16 2.10705448e-02 -1.88808428e-02 2.41830814e-02 9.73204674e-01 -1.07719533e-01 -1.14811014e-01 -7.40440637e-02 1.31768370e-01 5.58641590e-02 3.51626448e-03 -2.69021374e-02
1.91231448e-15 -5.47455127e-03 -5.10343241e-02 -3.09933016e-02 3.33729984e-02 1.03216179e-02 7.93093335e-02 3.96258442e-03 2.58782897e-01 -7.79531125e-01 -3.70587938e-01 4.20602180e-01
-1.09885483e-15 -4.50294849e-02 -9.92094779e-01 6.32598377e-02 -2.25143367e-02 -3.49132568e-02 -1.97361080e-02 -2.24814549e-03 -4.39332878e-02 2.90715102e-03 2.62552277e-03 -7.51838421e-02
5.00000000e-01 -3.08000260e-01 4.69142910e-02 1.50131704e-01 -8.29436247e-02 -7.47873965e-01 -1.00696337e-01 -6.85141289e-02 -9.43670217e-02 7.25321066e-02 -1.17607193e-01 1.46180771e-01
5.00000000e-01 -2.84062423e-01 -1.19515293e-03 -1.23423330e-01 7.34453780e-02 3.95792234e-01 -3.04555727e-01 6.26907262e-01 -5.01295217e-02 -5.00286036e-02 4.32585605e-03 -3.50232497e-02
5.00000000e-01 -2.72283663e-01 -9.38147001e-03 -3.55500701e-02 3.13882358e-02 3.73463937e-01 4.18533043e-01 -5.60307223e-01 1.50828322e-01 -6.64718870e-03 1.06770670e-01 -1.03642743e-01
5.00000000e-01 8.64346345e-01 -3.63376681e-02 8.84169549e-03 -2.18899892e-02 -2.13822063e-02 -1.32809796e-02 1.91408913e-03 -6.33177829e-03 -1.58563143e-02 6.51066725e-03 -7.51477802e-03