-8.50435238e-16&0.00843806326&0.0250108236&-0.116521164&0.0973011035&0.131892571&0.0464196304&-0.146153757&-0.657812939&0.0297587314&-0.687685339&-0.169801793&\\
1.85471173e-16&0.00722521041&0.004466557&0.0724876708&-0.112372906&-0.0128883334&-0.021958271&0.0883427236&0.655592519&0.292933575&-0.578312352&-0.351477162&\\
2.03330841e-15&0.0239295531&-0.0686809821&-0.0806753699&0.0751692619&0.0615593137&0.499303726&0.265643535&0.0120426146&0.478896075&-0.137825163&0.640631616&\\
-5.2520469e-15&0.00338391079&-0.032942989&-0.0346568767&-0.0956497829&0.249984953&-0.670361963&-0.424355576&0.078846539&0.254792309&-0.0951938126&0.46518843&\\
-8.09576288e-16&0.00151981522&-0.0522334606&-0.963740991&-0.0248852314&-0.217549478&-0.0239247015&-0.0550678783&0.103197782&0.013651407&0.0440324175&-0.0643874819&\\
7.80336133e-16&0.0210705448&-0.0188808428&0.0241830814&0.973204674&-0.107719533&-0.114811014&-0.0740440637&0.13176837&0.055864159&0.00351626448&-0.0269021374&\\
1.91231448e-15&-0.00547455127&-0.0510343241&-0.0309933016&0.0333729984&0.0103216179&0.0793093335&0.00396258442&0.258782897&-0.779531125&-0.370587938&0.42060218&\\
-1.09885483e-15&-0.0450294849&-0.992094779&0.0632598377&-0.0225143367&-0.0349132568&-0.019736108&-0.00224814549&-0.0439332878&0.00290715102&0.00262552277&-0.0751838421&\\
0.5&-0.30800026&0.046914291&0.150131704&-0.0829436247&-0.747873965&-0.100696337&-0.0685141289&-0.0943670217&0.0725321066&-0.117607193&0.146180771&\\
0.5&-0.284062423&-0.00119515293&-0.12342333&0.073445378&0.395792234&-0.304555727&0.626907262&-0.0501295217&-0.0500286036&0.00432585605&-0.0350232497&\\
0.5&-0.272283663&-0.00938147001&-0.0355500701&0.0313882358&0.373463937&0.418533043&-0.560307223&0.150828322&-0.0066471887&0.10677067&-0.103642743&\\
0.5&0.864346345&-0.0363376681&0.00884169549&-0.0218899892&-0.0213822063&-0.0132809796&0.00191408913&-0.00633177829&-0.0158563143&0.00651066725&-0.00751477802&\\
