1.00e+00&5.40e-01&-4.87e-02&-4.32e-02&-4.98e-02&-1.73e-02&1.80e-01&2.97e-02&8.55e-02&-2.31e-04&-8.09e-02&-4.42e-03&\\
5.40e-01&1.00e+00&-1.97e-01&-1.53e-01&2.64e-02&4.22e-02&-5.90e-03&3.50e-02&1.45e-03&1.21e-02&-8.62e-03&-4.91e-03&\\
-4.87e-02&-1.97e-01&1.03e+00&5.12e-01&-8.43e-02&-2.74e-02&3.58e-01&-8.93e-02&1.85e-01&-3.90e-02&-1.29e-01&-1.69e-02&\\
-4.32e-02&-1.53e-01&5.12e-01&6.66e-01&-5.19e-02&3.89e-04&2.85e-01&-6.17e-02&1.38e-01&-4.73e-02&-8.25e-02&-8.56e-03&\\
-4.98e-02&2.64e-02&-8.43e-02&-5.19e-02&1.27e-01&1.08e-02&-6.83e-02&5.62e-03&-4.67e-03&-1.53e-02&1.86e-02&1.38e-03&\\
-1.73e-02&4.22e-02&-2.74e-02&3.89e-04&1.08e-02&1.88e-01&-3.24e-02&2.08e-04&-1.21e-03&-5.80e-03&9.88e-03&-2.88e-03&\\
1.80e-01&-5.90e-03&3.58e-01&2.85e-01&-6.83e-02&-3.24e-02&9.53e-01&-6.43e-02&1.30e-01&-1.55e-02&-1.12e-01&-3.13e-03&\\
2.97e-02&3.50e-02&-8.93e-02&-6.17e-02&5.62e-03&2.08e-04&-6.43e-02&6.86e-02&-1.31e-02&3.09e-03&7.28e-03&2.72e-03&\\
8.55e-02&1.45e-03&1.85e-01&1.38e-01&-4.67e-03&-1.21e-03&1.30e-01&-1.31e-02&2.09e-01&-8.55e-02&-1.18e-01&-5.43e-03&\\
-2.31e-04&1.21e-02&-3.90e-02&-4.73e-02&-1.53e-02&-5.80e-03&-1.55e-02&3.09e-03&-8.55e-02&2.05e-01&-1.15e-01&-5.29e-03&\\
-8.09e-02&-8.62e-03&-1.29e-01&-8.25e-02&1.86e-02&9.88e-03&-1.12e-01&7.28e-03&-1.18e-01&-1.15e-01&2.40e-01&-7.28e-03&\\
-4.42e-03&-4.91e-03&-1.69e-02&-8.56e-03&1.38e-03&-2.88e-03&-3.13e-03&2.72e-03&-5.43e-03&-5.29e-03&-7.28e-03&1.80e-02&\\
