1.50e-02&2.66e-01&2.26e-01&2.12e-01&5.09e-01&-3.96e-01&5.64e-02&-2.14e-01&-2.66e-01&-1.79e-02&2.07e-01&4.84e-01&-1.44e-01\\
2.60e-02&-1.22e-01&-7.65e-02&-3.09e-01&-7.53e-02&-6.58e-02&-4.21e-01&-5.37e-01&3.52e-02&5.37e-01&-8.90e-02&2.25e-01&2.45e-01\\
-1.41e-01&4.96e-02&4.99e-01&-2.71e-02&-3.08e-01&1.70e-01&1.49e-01&-1.54e-01&-1.43e-01&-2.14e-01&-6.26e-01&3.16e-01&2.05e-03\\
9.17e-02&5.57e-02&-4.79e-01&5.28e-02&2.00e-01&-4.28e-01&2.87e-01&1.01e-01&6.61e-02&6.09e-02&-6.12e-01&-1.06e-02&2.39e-01\\
5.68e-02&-6.22e-02&-7.13e-02&6.79e-02&2.71e-01&1.56e-01&-3.23e-01&-3.81e-02&7.27e-01&-3.52e-01&-1.31e-01&3.00e-01&-1.42e-01\\
-4.64e-01&3.04e-01&-3.04e-01&-3.20e-01&2.86e-01&4.06e-01&2.79e-02&8.41e-02&-1.49e-01&1.98e-01&-1.46e-01&6.50e-02&-3.95e-01\\
8.32e-01&4.29e-02&2.57e-02&-1.63e-01&4.96e-02&1.87e-01&6.07e-02&1.89e-02&-1.09e-01&1.52e-01&-1.51e-01&-3.36e-03&-4.23e-01\\
1.14e-01&-4.24e-02&-1.17e-01&2.16e-01&1.96e-01&2.33e-01&-5.95e-01&2.59e-01&-5.01e-01&-2.03e-01&-1.70e-01&2.88e-02&2.99e-01\\
-1.17e-01&9.56e-02&2.37e-01&1.34e-01&-2.09e-01&-3.68e-01&-3.72e-01&5.34e-01&1.37e-01&3.99e-01&-1.49e-01&3.93e-02&-3.13e-01\\
-1.20e-02&-6.04e-01&-3.18e-02&-2.91e-01&5.62e-02&3.38e-02&2.28e-01&4.19e-01&-7.64e-02&6.59e-02&1.37e-01&5.30e-01&8.86e-02\\
-8.99e-02&-2.59e-01&4.82e-02&-5.22e-01&8.58e-02&-4.37e-01&-2.32e-01&-1.06e-01&-1.74e-01&-4.28e-01&-8.52e-02&-2.79e-01&-2.97e-01\\
-1.57e-01&-6.01e-01&-4.64e-02&5.24e-01&1.37e-01&7.81e-02&4.48e-02&-2.66e-01&-1.01e-01&1.84e-01&-1.66e-01&-1.64e-01&-3.76e-01\\
1.44e-02&7.94e-02&-5.39e-01&1.62e-01&-5.76e-01&-1.20e-01&-7.68e-02&-1.20e-01&-1.58e-01&-2.32e-01&1.27e-01&3.65e-01&-2.87e-01\\
