-8.50e-16&8.44e-03&2.50e-02&-1.17e-01&9.73e-02&1.32e-01&4.64e-02&-1.46e-01&-6.58e-01&2.98e-02&-6.88e-01&-1.70e-01&\\
1.85e-16&7.23e-03&4.47e-03&7.25e-02&-1.12e-01&-1.29e-02&-2.20e-02&8.83e-02&6.56e-01&2.93e-01&-5.78e-01&-3.51e-01&\\
2.03e-15&2.39e-02&-6.87e-02&-8.07e-02&7.52e-02&6.16e-02&4.99e-01&2.66e-01&1.20e-02&4.79e-01&-1.38e-01&6.41e-01&\\
-5.25e-15&3.38e-03&-3.29e-02&-3.47e-02&-9.56e-02&2.50e-01&-6.70e-01&-4.24e-01&7.88e-02&2.55e-01&-9.52e-02&4.65e-01&\\
-8.10e-16&1.52e-03&-5.22e-02&-9.64e-01&-2.49e-02&-2.18e-01&-2.39e-02&-5.51e-02&1.03e-01&1.37e-02&4.40e-02&-6.44e-02&\\
7.80e-16&2.11e-02&-1.89e-02&2.42e-02&9.73e-01&-1.08e-01&-1.15e-01&-7.40e-02&1.32e-01&5.59e-02&3.52e-03&-2.69e-02&\\
1.91e-15&-5.47e-03&-5.10e-02&-3.10e-02&3.34e-02&1.03e-02&7.93e-02&3.96e-03&2.59e-01&-7.80e-01&-3.71e-01&4.21e-01&\\
-1.10e-15&-4.50e-02&-9.92e-01&6.33e-02&-2.25e-02&-3.49e-02&-1.97e-02&-2.25e-03&-4.39e-02&2.91e-03&2.63e-03&-7.52e-02&\\
5.00e-01&-3.08e-01&4.69e-02&1.50e-01&-8.29e-02&-7.48e-01&-1.01e-01&-6.85e-02&-9.44e-02&7.25e-02&-1.18e-01&1.46e-01&\\
5.00e-01&-2.84e-01&-1.20e-03&-1.23e-01&7.34e-02&3.96e-01&-3.05e-01&6.27e-01&-5.01e-02&-5.00e-02&4.33e-03&-3.50e-02&\\
5.00e-01&-2.72e-01&-9.38e-03&-3.56e-02&3.14e-02&3.73e-01&4.19e-01&-5.60e-01&1.51e-01&-6.65e-03&1.07e-01&-1.04e-01&\\
5.00e-01&8.64e-01&-3.63e-02&8.84e-03&-2.19e-02&-2.14e-02&-1.33e-02&1.91e-03&-6.33e-03&-1.59e-02&6.51e-03&-7.51e-03&\\
