1.00e+00&-5.12e-02&-2.14e-01&-3.51e-02&-1.55e-01&5.29e-02&4.91e-03&4.81e-03&-2.04e-03&-6.78e-03&1.54e-02&-1.34e-02&-3.47e-03&6.57e-03&9.54e-03&-9.24e-03&-2.08e-03&-4.90e-03&-3.94e-03&-4.06e-04&-2.16e-02&-3.15e-02&-3.76e-02&3.79e-03&1.28e-01&-6.32e-02&\\
-5.12e-02&1.00e+00&-1.49e-01&-2.60e-01&7.20e-02&-2.92e-01&-1.76e-02&6.27e-03&-1.71e-03&-1.12e-03&-4.13e-03&-2.31e-03&3.30e-03&-2.69e-04&6.89e-03&-2.32e-03&-3.91e-04&-1.35e-03&-2.55e-03&-5.09e-05&-5.82e-03&2.78e-03&-1.27e-02&-1.18e-03&-6.01e-03&1.71e-02&\\
-2.14e-01&-1.49e-01&1.00e+00&5.08e-01&4.07e-01&3.09e-01&-3.22e-02&1.78e-03&-7.68e-04&8.42e-03&-1.48e-02&2.13e-02&-2.86e-03&1.50e-03&-1.16e-02&4.04e-02&5.41e-04&1.09e-03&1.53e-02&-2.55e-04&6.04e-03&3.81e-02&1.66e-02&1.36e-03&-1.30e-01&7.38e-02&\\
-3.51e-02&-2.60e-01&5.08e-01&1.00e+00&4.28e-01&7.81e-01&-7.85e-02&7.02e-02&-4.12e-04&2.43e-03&-7.20e-03&2.04e-02&-2.43e-03&-9.50e-04&-1.96e-03&3.06e-02&-9.13e-04&-1.83e-03&8.94e-03&-4.15e-04&3.78e-04&3.24e-02&-7.38e-03&3.79e-03&-5.99e-02&3.11e-02&\\
-1.55e-01&7.20e-02&4.07e-01&4.28e-01&1.00e+00&-1.73e-01&-9.89e-02&1.55e-02&1.39e-04&6.33e-03&-7.52e-03&3.95e-02&3.32e-03&1.25e-03&3.42e-03&1.79e-02&1.09e-03&3.33e-03&1.41e-02&1.10e-04&-2.89e-03&5.32e-02&-3.39e-03&1.98e-03&-8.28e-02&3.10e-02&\\
5.29e-02&-2.92e-01&3.09e-01&7.81e-01&-1.73e-01&1.00e+00&-2.37e-02&6.14e-02&-2.86e-04&-1.87e-03&-4.04e-03&-1.84e-03&-3.70e-03&-1.97e-03&-4.64e-03&2.46e-02&-1.73e-03&-3.75e-03&1.78e-03&-5.00e-04&2.55e-03&2.21e-03&-7.10e-03&1.74e-03&-1.27e-02&1.59e-02&\\
4.91e-03&-1.76e-02&-3.22e-02&-7.85e-02&-9.89e-02&-2.37e-02&2.73e-01&-1.35e-02&2.61e-03&-8.77e-04&1.15e-03&-4.23e-03&-1.57e-03&-1.73e-03&-3.59e-03&-6.72e-03&-1.95e-04&8.11e-04&-4.84e-03&1.95e-04&1.05e-02&-1.21e-02&2.16e-02&-5.98e-04&2.79e-02&-3.68e-02&\\
4.81e-03&6.27e-03&1.78e-03&7.02e-02&1.55e-02&6.14e-02&-1.35e-02&1.08e-01&2.25e-04&-7.68e-05&-2.67e-03&3.93e-04&1.45e-03&2.58e-03&7.48e-03&-1.90e-03&-5.68e-05&-3.14e-04&-1.54e-03&-3.26e-05&-5.21e-03&-1.00e-03&-9.67e-03&5.84e-04&-2.63e-02&3.64e-02&\\
-2.04e-03&-1.71e-03&-7.68e-04&-4.12e-04&1.39e-04&-2.86e-04&2.61e-03&2.25e-04&1.31e-02&-1.51e-04&2.79e-04&6.09e-04&7.89e-05&-2.07e-04&-8.23e-04&-3.03e-04&-6.33e-05&4.11e-04&-7.23e-05&2.62e-04&-6.47e-04&-3.94e-04&-1.36e-03&1.28e-04&-1.87e-04&1.81e-03&\\
-6.78e-03&-1.12e-03&8.42e-03&2.43e-03&6.33e-03&-1.87e-03&-8.77e-04&-7.68e-05&-1.51e-04&1.13e-02&-4.44e-04&9.01e-04&-1.60e-04&8.68e-05&-4.42e-04&3.26e-03&-5.44e-05&-1.03e-04&-2.90e-04&-3.02e-06&-5.56e-04&9.87e-04&-1.17e-03&-1.18e-04&-3.13e-03&3.42e-03&\\
1.54e-02&-4.13e-03&-1.48e-02&-7.20e-03&-7.52e-03&-4.04e-03&1.15e-03&-2.67e-03&2.79e-04&-4.44e-04&3.75e-02&-5.48e-04&-1.74e-05&-6.10e-04&1.29e-03&-1.65e-03&-1.86e-04&-3.51e-04&3.34e-04&-1.03e-05&-1.37e-03&-1.16e-03&-3.72e-03&5.43e-03&6.02e-03&-6.57e-03&\\
-1.34e-02&-2.31e-03&2.13e-02&2.04e-02&3.95e-02&-1.84e-03&-4.23e-03&3.93e-04&6.09e-04&9.01e-04&-5.48e-04&1.39e-02&-1.97e-04&-2.20e-04&-6.07e-04&3.36e-03&-6.71e-05&1.38e-04&2.29e-03&-3.73e-06&-4.20e-04&6.21e-03&-1.17e-03&-1.45e-04&-3.85e-03&-1.04e-03&\\
-3.47e-03&3.30e-03&-2.86e-03&-2.43e-03&3.32e-03&-3.70e-03&-1.57e-03&1.45e-03&7.89e-05&-1.60e-04&-1.74e-05&-1.97e-04&1.39e-02&4.53e-05&-3.42e-04&4.43e-04&-6.71e-05&-1.27e-04&-9.25e-05&-3.73e-06&-6.86e-04&1.13e-04&-1.44e-03&1.20e-04&-1.47e-03&2.67e-03&\\
6.57e-03&-2.69e-04&1.50e-03&-9.50e-04&1.25e-03&-1.97e-03&-1.73e-03&2.58e-03&-2.07e-04&8.68e-05&-6.10e-04&-2.20e-04&4.53e-05&1.54e-02&1.42e-03&1.93e-03&-7.47e-05&-1.41e-04&-3.98e-04&-4.15e-06&-7.63e-04&-4.65e-04&-1.60e-03&-1.62e-04&-4.29e-03&6.52e-03&\\
9.54e-03&6.89e-03&-1.16e-02&-1.96e-03&3.42e-03&-4.64e-03&-3.59e-03&7.48e-03&-8.23e-04&-4.42e-04&1.29e-03&-6.07e-04&-3.42e-04&1.42e-03&5.82e-02&1.14e-03&-3.09e-05&-5.59e-04&-1.31e-03&-1.65e-05&-6.40e-04&2.79e-04&-3.70e-03&1.54e-04&-1.63e-03&4.89e-03&\\
-9.24e-03&-2.32e-03&4.04e-02&3.06e-02&1.79e-02&2.46e-02&-6.72e-03&-1.90e-03&-3.03e-04&3.26e-03&-1.65e-03&3.36e-03&4.43e-04&1.93e-03&1.14e-03&5.89e-02&2.30e-04&-5.66e-04&2.11e-03&-1.67e-05&-3.07e-03&2.38e-03&-5.11e-03&-1.19e-04&-9.54e-03&1.24e-02&\\
-2.08e-03&-3.91e-04&5.41e-04&-9.13e-04&1.09e-03&-1.73e-03&-1.95e-04&-5.68e-05&-6.33e-05&-5.44e-05&-1.86e-04&-6.71e-05&-6.71e-05&-7.47e-05&-3.09e-05&2.30e-04&4.75e-03&-4.30e-05&-1.21e-04&-1.27e-06&5.63e-04&-1.42e-04&3.22e-03&-4.94e-05&-7.78e-04&-2.25e-03&\\
-4.90e-03&-1.35e-03&1.09e-03&-1.83e-03&3.33e-03&-3.75e-03&8.11e-04&-3.14e-04&4.11e-04&-1.03e-04&-3.51e-04&1.38e-04&-1.27e-04&-1.41e-04&-5.59e-04&-5.66e-04&-4.30e-05&8.93e-03&3.57e-05&-2.39e-06&-1.75e-04&-2.68e-04&-6.57e-04&-9.32e-05&1.80e-04&8.38e-04&\\
-3.94e-03&-2.55e-03&1.53e-02&8.94e-03&1.41e-02&1.78e-03&-4.84e-03&-1.54e-03&-7.23e-05&-2.90e-04&3.34e-04&2.29e-03&-9.25e-05&-3.98e-04&-1.31e-03&2.11e-03&-1.21e-04&3.57e-05&2.48e-02&-6.75e-06&-7.11e-04&1.90e-03&-2.07e-03&1.97e-06&-1.94e-03&2.12e-03&\\
-4.06e-04&-5.09e-05&-2.55e-04&-4.15e-04&1.10e-04&-5.00e-04&1.95e-04&-3.26e-05&2.62e-04&-3.02e-06&-1.03e-05&-3.73e-06&-3.73e-06&-4.15e-06&-1.65e-05&-1.67e-05&-1.27e-06&-2.39e-06&-6.75e-06&2.65e-04&-1.29e-05&-7.87e-06&-2.71e-05&-2.74e-06&1.92e-04&-1.55e-04&\\
-2.16e-02&-5.82e-03&6.04e-03&3.78e-04&-2.89e-03&2.55e-03&1.05e-02&-5.21e-03&-6.47e-04&-5.56e-04&-1.37e-03&-4.20e-04&-6.86e-04&-7.63e-04&-6.40e-04&-3.07e-03&5.63e-04&-1.75e-04&-7.11e-04&-1.29e-05&4.64e-02&-1.45e-03&3.72e-02&-5.04e-04&-1.07e-02&-2.45e-02&\\
-3.15e-02&2.78e-03&3.81e-02&3.24e-02&5.32e-02&2.21e-03&-1.21e-02&-1.00e-03&-3.94e-04&9.87e-04&-1.16e-03&6.21e-03&1.13e-04&-4.65e-04&2.79e-04&2.38e-03&-1.42e-04&-2.68e-04&1.90e-03&-7.87e-06&-1.45e-03&2.88e-02&-3.04e-03&-3.07e-04&-8.14e-03&-1.73e-02&\\
-3.76e-02&-1.27e-02&1.66e-02&-7.38e-03&-3.39e-03&-7.10e-03&2.16e-02&-9.67e-03&-1.36e-03&-1.17e-03&-3.72e-03&-1.17e-03&-1.44e-03&-1.60e-03&-3.70e-03&-5.11e-03&3.22e-03&-6.57e-04&-2.07e-03&-2.71e-05&3.72e-02&-3.04e-03&9.19e-02&-1.06e-03&-2.81e-02&-5.97e-02&\\
3.79e-03&-1.18e-03&1.36e-03&3.79e-03&1.98e-03&1.74e-03&-5.98e-04&5.84e-04&1.28e-04&-1.18e-04&5.43e-03&-1.45e-04&1.20e-04&-1.62e-04&1.54e-04&-1.19e-04&-4.94e-05&-9.32e-05&1.97e-06&-2.74e-06&-5.04e-04&-3.07e-04&-1.06e-03&1.02e-02&-2.84e-03&-6.03e-03&\\
1.28e-01&-6.01e-03&-1.30e-01&-5.99e-02&-8.28e-02&-1.27e-02&2.79e-02&-2.63e-02&-1.87e-04&-3.13e-03&6.02e-03&-3.85e-03&-1.47e-03&-4.29e-03&-1.63e-03&-9.54e-03&-7.78e-04&1.80e-04&-1.94e-03&1.92e-04&-1.07e-02&-8.14e-03&-2.81e-02&-2.84e-03&1.99e-01&-1.60e-01&\\
-6.32e-02&1.71e-02&7.38e-02&3.11e-02&3.10e-02&1.59e-02&-3.68e-02&3.64e-02&1.81e-03&3.42e-03&-6.57e-03&-1.04e-03&2.67e-03&6.52e-03&4.89e-03&1.24e-02&-2.25e-03&8.38e-04&2.12e-03&-1.55e-04&-2.45e-02&-1.73e-02&-5.97e-02&-6.03e-03&-1.60e-01&2.43e-01&\\
